m = 10;
n = 25;
s = [ 2580 1280 2960 2250 3100 3730 3290 1790 1140 3210 ];
d = [ 49 29 23 40 18 17 48 13 15 31 16 31 14 44 23 39 33 45 40 43 38 26 47 34 24 ];
f = [ 36600 31400 50400 50400 58000 41500 45600 54900 31000 31600 ];
c = [ 260 239 418 557 346 161 288 568 379 392 672 268 122 295 344 143 393  29 656 654 235 329 640 517 329
  580 484  34 386 180 522 338 636 523  28 646 652 319 423 712 242 486 401 551 812 155 585 482 604 200 
  335 212 369 258 455 348  33 302 181 329 363 504 376  99 502 262 140 310 335 466 249 285 328 263 149 
  415 347 240 474 179 336 281 603 442 219 666 451 117 338 525  59 428 205 611 738  84 451 569 559 229 
  363 276 603 349 694 441 258  73 120 564 218 576 582 204 519 484 108 474 294 237 487 256 354  23 383 
  624 507 173 228 365 598 323 548 489 157 516 746 464 410 779 357 436 501 399 748 268 594 317 529 184 
  677 554 409  90 593 691 374 436 467 387 340 847 643 434 846 523 405 632 200 648 451 610 104 440 311 
  382 354 782 540 850 490 422 186 240 742 340 587 700 345 493 622 274 567 458  61 646 276 533 180 562 
  101 162 566 607 519  14 320 505 316 535 642 155 295 276 180 296 356 148 664 538 378 203 673 453 423 
  567 462 603 240 746 628 357 183 317 569 54 774 701 355 730 585 268 626  96 381 553 467 187 213 412 ];

