m = 12;
n = 18;
s = [ 219 229 236 229 226 222 203 181 241 270 279 270 ];
d = [ 69 66 67 66 78 93 73 75 98 86 98 65 99 62 71 99 65 94 ];
f = [ 522 684 732 775 715 526 803 900 863 584 601 690 ];
c = [ 8  20  33   7  10  12  11  14  27  24   9  21  24  17  34  24  24  14  
     27   7  35  16  33  25  22  25  15  30  22  32  10   6  15  20  29  31  
     14   6  13  33  19   7  17  13  15   8  17  31  25   6  13  15  20  32  
      6  15  14  33  20   5  34  21   6  32  24  23  31  19   6  19   8  30  
     27   8  18  18  10  33  33  20  15   5  30   8  34   7  24  29  25  23  
     10  19  12  23  23  12  16  13  17  20  16  34   8  26   8  31  18  31  
     30  29  16  17  18  32  24  32  33  16  33  19   6  29  25  10  16  31  
      8  14  34   8  26  32  24  11  12  10   7  20   6  28   8  20  22  35  
     26  23  27  18  29  30  11  34  17   9  32  24  32  26  33  21  28  15  
     19  29  11  29  29  19  31  18  17  25  27   8   5  32  21   6  25  15  
     27  34  18  15  31  12  23  11  19  20  32  18  19  17  30  22  24   7  
     13  28  24  15  27   9  31  20   8  18  15  22  25  11  33  10  33  10 ];


